# transform file /home/share/sub_p-003_T1/sub_p-003_T1_gtmpvc_output/aux/bbpet2pet.lta
# created by UNKNOWN on Fri Nov 25 01:41:39 2022

type      = 0 # LINEAR_VOX_TO_VOX
nxforms   = 1
mean      = 0.0000 0.0000 0.0000
sigma     = 10000.0000
1 4 4
1.000000000000000e+00 0.000000000000000e+00 0.000000000000000e+00 2.440000000000000e+02 
0.000000000000000e+00 1.000000000000000e+00 0.000000000000000e+00 2.120000000000000e+02 
0.000000000000000e+00 0.000000000000000e+00 1.000000000000000e+00 0.000000000000000e+00 
0.000000000000000e+00 0.000000000000000e+00 0.000000000000000e+00 1.000000000000000e+00 
src volume info
valid = 1  # volume info valid
filename = 
volume = 396 465 101
voxelsize = 4.124999940395355e-01 4.124999940395355e-01 1.500000000000000e+00
xras   = -1.000000000000000e+00 0.000000000000000e+00 0.000000000000000e+00
yras   = 0.000000000000000e+00 1.000000000000000e+00 0.000000000000000e+00
zras   = 0.000000000000000e+00 0.000000000000000e+00 1.000000000000000e+00
cras   = -7.019958496093750e-01 1.616827545166016e+02 3.682500000000000e+02
dst volume info
valid = 1  # volume info valid
filename = /home/share/sub_p-003_PET.nii.gz
volume = 880 880 175
voxelsize = 4.124999940395355e-01 4.124999940395355e-01 1.500000000000000e+00
xras   = -1.000000000000000e+00 0.000000000000000e+00 0.000000000000000e+00
yras   = 0.000000000000000e+00 1.000000000000000e+00 0.000000000000000e+00
zras   = 0.000000000000000e+00 0.000000000000000e+00 1.000000000000000e+00
cras   = 1.230010986328125e-01 1.598265075683594e+02 4.237500000000000e+02
