# transform file /home/share/sub_p-003_T1/sub_p-003_T1_template.reg.lta
# created by UNKNOWN on Wed Nov 23 07:28:32 2022

type      = 0 # LINEAR_VOX_TO_VOX
nxforms   = 1
mean      = 0.0000 0.0000 0.0000
sigma     = 10000.0000
1 4 4
4.123975634574890e-01 8.720742538571358e-03 1.056285481899977e-02 -5.883437728881836e+01 
3.740166779607534e-03 -4.012776166200638e-02 -1.492823600769043e+00 1.973685455322266e+02 
-8.396444842219353e-03 4.104508459568024e-01 -1.461704373359680e-01 -5.017138671875000e+01 
0.000000000000000e+00 0.000000000000000e+00 0.000000000000000e+00 9.999999403953552e-01 
src volume info
valid = 1  # volume info valid
filename = /home/share/sub_p-003_PET.nii.gz
volume = 880 880 175
voxelsize = 4.124999940395355e-01 4.124999940395355e-01 1.500000000000000e+00
xras   = -1.000000000000000e+00 0.000000000000000e+00 0.000000000000000e+00
yras   = 0.000000000000000e+00 1.000000000000000e+00 0.000000000000000e+00
zras   = 0.000000000000000e+00 0.000000000000000e+00 1.000000000000000e+00
cras   = 1.230010986328125e-01 1.598265075683594e+02 4.237500000000000e+02
dst volume info
valid = 1  # volume info valid
filename = /home/share//sub_p-003_T1/mri/brainmask.mgz
volume = 256 256 256
voxelsize = 1.000000000000000e+00 1.000000000000000e+00 1.000000000000000e+00
xras   = -1.000000000000000e+00 3.492459654808044e-10 0.000000000000000e+00
yras   = 3.725290298461914e-09 0.000000000000000e+00 -1.000000119209290e+00
zras   = -1.862645149230957e-09 1.000000119209290e+00 -3.725290298461914e-09
cras   = -5.770042419433594e+00 2.795082092285156e+00 -3.465323638916016e+01
subject sub_p-003_T1
