# transform file /mnt/c/test/result/freesurfer/chris_t1_1/mri/transforms/cc_up.lta
# created by root on Fri Oct  4 09:51:42 2024

type      = 0 # LINEAR_VOX_TO_VOX
nxforms   = 1
mean      = 128.0000 133.0000 116.0000
sigma     = 10000.0000
1 4 4
9.998492598533630e-01 1.680170744657516e-02 -4.404428415000439e-03 -1.799767017364502e-01 
-1.680154539644718e-02 9.998589754104614e-01 7.401236507575959e-05 1.915508651733398e+01 
4.405050072818995e-03 0.000000000000000e+00 9.999904036521912e-01 1.943804168701172e+01 
0.000000000000000e+00 0.000000000000000e+00 0.000000000000000e+00 1.000000000000000e+00 
src volume info
valid = 1  # volume info valid
filename = /mnt/c/test/result/freesurfer/chris_t1_1/mri/norm.mgz
volume = 256 256 256
voxelsize = 1.000000000000000e+00 1.000000000000000e+00 1.000000000000000e+00
xras   = -1.000000000000000e+00 0.000000000000000e+00 0.000000000000000e+00
yras   = 0.000000000000000e+00 0.000000000000000e+00 -1.000000000000000e+00
zras   = 0.000000000000000e+00 1.000000000000000e+00 0.000000000000000e+00
cras   = -4.000015258789062e-01 -5.480003356933594e+00 6.479995727539062e+00
dst volume info
valid = 1  # volume info valid
filename = /mnt/c/test/result/freesurfer/chris_t1_1/mri/norm.mgz
volume = 256 256 256
voxelsize = 1.000000000000000e+00 1.000000000000000e+00 1.000000000000000e+00
xras   = -1.000000000000000e+00 0.000000000000000e+00 0.000000000000000e+00
yras   = 0.000000000000000e+00 0.000000000000000e+00 -1.000000000000000e+00
zras   = 0.000000000000000e+00 1.000000000000000e+00 0.000000000000000e+00
cras   = -4.000015258789062e-01 -5.480003356933594e+00 6.479995727539062e+00
