# transform file transforms/talairach.lta
# created by root on Fri Oct  4 18:53:21 2024

type      = 0 # LINEAR_VOX_TO_VOX
nxforms   = 1
mean      = 128.0000 134.0000 116.0000
sigma     = 10000.0000
1 4 4
1.056749343872070e+00 3.457335382699966e-02 -3.022869350388646e-07 -1.472868824005127e+01 
-3.588994964957237e-02 1.095705032348633e+00 1.576661877334118e-02 -1.566048049926758e+01 
5.876552313566208e-04 -1.795100606977940e-02 9.646252989768982e-01 -7.523024678230286e-01 
0.000000000000000e+00 0.000000000000000e+00 0.000000000000000e+00 1.000000000000000e+00 
src volume info
valid = 1  # volume info valid
filename = nu.mgz
volume = 256 256 256
voxelsize = 1.000000000000000e+00 1.000000000000000e+00 1.000000000000000e+00
xras   = -1.000000000000000e+00 0.000000000000000e+00 0.000000000000000e+00
yras   = 0.000000000000000e+00 0.000000000000000e+00 -1.000000000000000e+00
zras   = 0.000000000000000e+00 1.000000000000000e+00 0.000000000000000e+00
cras   = -4.000015258789062e-01 -5.480003356933594e+00 6.479995727539062e+00
dst volume info
valid = 1  # volume info valid
filename = /usr/local/freesurfer/average/RB_all_2020-01-02.gca
volume = 256 256 256
voxelsize = 1.000000000000000e+00 1.000000000000000e+00 1.000000000000000e+00
xras   = -1.000000000000000e+00 0.000000000000000e+00 0.000000000000000e+00
yras   = 0.000000000000000e+00 0.000000000000000e+00 -1.000000000000000e+00
zras   = 0.000000000000000e+00 1.000000000000000e+00 0.000000000000000e+00
cras   = 0.000000000000000e+00 0.000000000000000e+00 0.000000000000000e+00
